========================================================================
    APLICACIÓN DE CONSOLA: e2 Información general del proyecto
========================================================================

[X]  1- Cargar las fichas
[X]  2- cargar tabla cruzada de colores
[]  3- Ordenar tabla cruzada de colores de mayor a menor y guardar antiguos códigos de colores 
       Por cada fila creamos un vector de NUMCOLORES y ordenamos los de mayor a menor las interacciones, y luego de mayor a menor dichos vectores determinando así la renumeración de los colores que debe ser única
[]  4- Una ver reordenada, recodificar colores
[]  5- Ordenar lista de fichas según nuevos códigos de colores guardandando antiguo numero de ficha
  
  0   1   5   0   0
  0   9  17   0   1
  0   1  17   0   2
 17   9   0   0   3
  2   1   0   1   4
 10   9   0   1   5
  6   1   0   1   6
  6  13   0   1   7
 11  17   0   1   8
  7   5   0   1   9
 15   9   0   1  10
  8   5   0   1  11
  8  13   0   1  12
 21   5   0   1  13
 10   1   0   9  14
 18  17   0   9  15
 14  13   0   9  16
 19  13   0   9  17
  7   9   0   9  18
 15   9   0   9  19
  4   5   0   9  20
 12   1   0   9  21
 12  13   0   9  22
 20   1   0   9  23
 21   1   0   9  24
  2   9   0  17  25
  2  17   0  17  26
 10  17   0  17  27
 18  17   0  17  28
  7  13   0  17  29
 15   9   0  17  30
 20  17   0  17  31
  8   9   0  17  32
  8   5   0  17  33
 16  13   0  17  34
 22   5   0  17  35
 18   1   0   5  36
  3  13   0   5  37
 11  13   0   5  38
 19   9   0   5  39
 19  17   0   5  40
 15   1   0   5  41
 15   9   0   5  42
 15  17   0   5  43
  4   1   0   5  44
 20   5   0   5  45
  8   5   0   5  46
 16   5   0   5  47
  2  13   0  13  48
 10   1   0  13  49
 10   9   0  13  50
  6   1   0  13  51
  7   5   0  13  52
  4   5   0  13  53
  4  13   0  13  54
  8  17   0  13  55
 16   1   0  13  56
 16  13   0  13  57
 21   9   0  13  58
 22  17   0  13  59
  6  18   2   2  60
 14   7   2   2  61
 10   3   2  10  62
  2   8   2  18  63
 18  22   2  18  64
 14  14   2  18  65
 11  10   2  18  66
 20   6   2  18  67
 22   8   2  18  68
  3   7   2   3  69
  7  12   2   3  70
 14  18   2  11  71
 15   4   2  11  72
 20  15   2  11  73
  8   3   2  11  74
 14  15   2  19  75
 19  15   2  19  76
  3  16   2   7  77
 20   3   2   7  78
 16  21   2   7  79
 19  18   2  15  80
 18  18   2   4  81
 11   4   2   4  82
 18  19   2  12  83
  6  14   2  12  84
  8  12   2  12  85
 16  20   2  12  86
  2  21   2  20  87
  6  22   2  20  88
  4  16   2  20  89
 11  12   2   8  90
 19  15   2   8  91
 19   4   2   8  92
  4  21   2   8  93
 12  14   2   8  94
 21   3   2  21  95
  4  19   2  22  96
 20   8   2  22  97
 21   6   2  22  98
 22  21   2  22  99
 12  15  10  10  100
 12  16  10  10  101
 16  19  10  10  102
 22   6  10  10  103
  4  15  10  18  104
  3   8  10   6  105
 19   8  10   6  106
  4  15  10   6  107
 16  11  10   6  108
 15  12  10  14  109
 12  15  10  14  110
 20  19  10   3  111
 20  16  10   3  112
 14   4  10  11  113
  7  12  10  11  114
 12  11  10  11  115
 22  16  10  11  116
  3  21  10  19  117
 16  12  10   7  118
  8  22  10  15  119
 14  22  10   4  120
  6  16  10  20  121
 14  19  10  20  122
 20  15  10  20  123
 12  22  10   8  124
 21  15  10   8  125
 14   6  10  16  126
 19  21  10  16  127
  4   3  10  16  128
 20   8  10  16  129
  6  20  10  21  130
 12  14  10  21  131
 14  16  10  22  132
 11   4  10  22  133
  4   3  10  22  134
 16  20  10  22  135
 20   7  18  18  136
  6   3  18   6  137
  6  11  18   6  138
  6  12  18   6  139
 19  21  18   6  140
 15   6  18   6  141
 16  12  18   6  142
 21  21  18   6  143
  3   4  18  14  144
 18  12  18   3  145
 18  22  18   3  146
  3  14  18   3  147
 15  12  18   3  148
  6  11  18  19  149
  4  22  18  19  150
 11  11  18   7  151
 11  19  18   7  152
 22  16  18   7  153
  7   7  18   4  154
  7  12  18   4  155
 22   7  18   4  156
  7  16  18  20  157
  8   6  18  20  158
 21  21  18   8  159
  6  20  18  16  160
 14  20  18  16  161
 15  11  18  22  162
  4  16  18  22  163
  3   4   6  14  164
  4   8   6  14  165
  3   3   6  11  166
 11  15   6  19  167
 19  21   6  19  168
  4   8   6   7  169
 20  16   6   7  170
 21  11   6   7  171
 15  15   6  15  172
 12  20   6  15  173
  7  21   6   4  174
  7  19   6  12  175
 14   4   6  20  176
 12  16   6   8  177
  8  15   6   8  178
  7  16   6  16  179
 11  16   6  21  180
  7  11   6  21  181
 19   8  14  14  182
 22   7  14   3  183
 19  12  14  11  184
  8   8  14  11  185
 21   7  14  19  186
 14  21  14   7  187
  3  19  14   7  188
 16  19  14   7  189
  3   3  14  15  190
 15  20  14  15  191
 11   7  14   4  192
 21  11  14  12  193
 21  22  14  12  194
 22  15  14  12  195
 11  22  14  20  196
 19   8  14  20  197
 20  20  14  20  198
 19   3  14   8  199
 21   8  14  16  200
 22   7  14  16  201
 12  19  14  21  202
 12   8  14  21  203
 16   3  14  21  204
 22  21  14  21  205
 22   7   3   3  206
 19  22   3  11  207
  8  15   3  11  208
 11  19   3   7  209
 16  15   3   7  210
  3  16   3  15  211
  8   8   3   4  212
  3  20   3  12  213
  4  22   3  12  214
 22  21   3  12  215
 19  15   3  20  216
  4  12   3  16  217
 11   4   3  21  218
 11  16   3  22  219
 21  21   3  22  220
 21  22   3  22  221
 12  22  11  11  222
 20   7  11  11  223
 16  15  11  11  224
 19  15  11   7  225
 12  12  11   7  226
 19   8  11   4  227
  7  22  11  20  228
 16   8  11  20  229
 12  20  11   8  230
 12  21  11   8  231
 19  20  19  19  232
 16   4  19   7  233
  7   4  19   4  234
  7  20  19   4  235
 12  15  19   4  236
  4  16  19  12  237
 15  22  19  20  238
 21  15  19  20  239
  7  21  19   8  240
  4  21  19   8  241
 15  12   7  15  242
 20   8   7  15  243
 22  20   7   4  244
 16  22   7  21  245
 21  22  15  15  246
 12   4  15   4  247
  4  21  15  12  248
 16  21  15  20  249
 22   8   4   4  250
  8  12   4  12  251
 16  20  12   8  252
 21  16  20  16  253
 16  22  20  22  254
 21  22   8  22  255

     0  1  2  3  4  5  6  7  8  9 10 11 12 13 14 15 16 17 18 19 20 21 22
 0:  4 24  0  0  0 24  0  0  0 24  0  0  0 24  0  0  0 24  0  0  0  0  0
 1: 24  0  2  0  1  1  4  1  2  0  3  1  1  0  0  2  1  1  1  0  1  2  0
 2:  0  2  2  6  5  0  3  5  9  1  2  4  7  2  4  5  2  3 11  4  5  6  6
 3:  0  0  6  5  6  1  3  7  3  0  5  3  5  1  7  7  6  0  7  4  6  5  8
 4:  0  1  5  6  1  3  4  8  6  1  3  6  9  3  5  5  6  0  6  9  1  3  8
 5: 24  1  0  1  3  0  0  2  4  0  0  1  0  0  0  3  2  0  1  2  2  1  1
 6:  0  4  3  3  4  0  3  3  5  0  6  5  3  2  4  7  9  0 10  6  7  7  2
 7:  0  1  5  7  8  2  3  1  2  2  1  9  6  2  9  2  8  1  6  3  8  6  7
 8:  0  2  9  3  6  4  5  2  3  1  5  8 11  2  6  3  2  3  1  9  4  3  5
 9: 24  0  1  0  1  0  0  2  1  0  3  0  2  0  1  5  0  2  1  2  1  2  0
10:  0  3  2  5  3  0  6  1  5  3  5  7  5  2  3  7 10  2  1  4  5  4  8
11:  0  1  4  3  6  1  5  9  8  0  7  4  5  1  5  5  4  1  5  5  6  5  6
12:  0  1  7  5  9  0  3  6 11  2  5  5  1  1  7  8  5  0  7  3  3  6  4
13: 24  0  2  1  3  0  2  2  2  0  2  1  1  0  1  0  4  0  0  1  0  1  1
14:  0  0  4  7  5  0  4  9  6  1  3  5  7  1  2  5  5  0  4  7  8  7  4
15:  0  2  5  7  5  3  7  2  3  5  7  5  8  0  5  5  2  2  0  7  6  5  4
16:  0  1  2  6  6  2  9  8  2  0 10  4  5  4  5  2  0  1  5  4 10  7  7
17: 24  1  3  0  0  0  0  1  3  2  2  1  0  0  0  2  1  0  3  1  2  0  2
18:  0  1 11  7  6  1 10  6  1  1  1  5  7  0  4  0  5  3  3  5  6  3  7
19:  0  0  4  4  9  2  6  3  9  2  4  5  3  1  7  7  4  1  5  4  8  6  2
20:  0  1  5  6  1  2  7  8  4  1  5  6  3  0  8  6 10  2  6  8  3  1  4
21:  0  2  6  5  3  1  7  6  3  2  4  5  6  1  7  5  7  0  3  6  1  4 12
22:  0  0  6  8  8  1  2  7  5  0  8  6  4  1  4  4  7  2  7  2  4 12  1

        0  1  2  3  4  5  6  7  8  9 10 11 12 13 14 15 16 17 18 19 20 21 22
 0  0:  4
 1  1: 24  0
 2  2:  0  2  2
 3  3:  0  0  6  5
 4  4:  0  1  5  6  1
 5  5: 24  1  0  1  3  0
 6  6:  0  4  3  3  4  0  3
 7  7:  0  1  5  7  8  2  3  1
 8  8:  0  2  9  3  6  4  5  2  3
 9  9: 24  0  1  0  1  0  0  2  1  0
10 10:  0  3  2  5  3  0  6  1  5  3  5
11 11:  0  1  4  3  6  1  5  9  8  0  7  4
12 12:  0  1  7  5  9  0  3  6 11  2  5  5  1
13 13: 24  0  2  1  3  0  2  2  2  0  2  1  1  0
14 14:  0  0  4  7  5  0  4  9  6  1  3  5  7  1  2
15 15:  0  2  5  7  5  3  7  2  3  5  7  5  8  0  5  5
16 16:  0  1  2  6  6  2  9  8  2  0 10  4  5  4  5  2  0
17 17: 24  1  3  0  0  0  0  1  3  2  2  1  0  0  0  2  1  0
18 18:  0  1 11  7  6  1 10  6  1  1  1  5  7  0  4  0  5  3  3
19 19:  0  0  4  4  9  2  6  3  9  2  4  5  3  1  7  7  4  1  5  4
20 20:  0  1  5  6  1  2  7  8  4  1  5  6  3  0  8  6 10  2  6  8  3
21 21:  0  2  6  5  3  1  7  6  3  2  4  5  6  1  7  5  7  0  3  6  1  4
22 22:  0  0  6  8  8  1  2  7  5  0  8  6  4  1  4  4  7  2  7  2  4 12  1

Firma del puzzle original:


        0  1  2  3  4  5  6  7  8  9 10 11 12 13 14 15 16 17 18 19 20 21 22
 0  0:  4 24 24 24 24 24  0  0  0  0  0  0  0  0  0  0  0  0  0  0  0  0  0  0
 1  9: 24  0  0  0  0  2  0  2  1  1  2  1  0  0  1  3  2  1  2  1  0  0  5  9
 2  5: 24  0  0  0  1  0  1  1  1  4  0  0  2  0  2  0  2  3  2  0  1  1  3  5
 3 13: 24  0  0  0  0  0  1  1  0  2  1  2  4  2  0  2  2  3  1  1  1  1  0 13
 4  1: 24  0  1  0  0  1  0  2  1  2  1  2  1  4  1  3  1  1  0  0  1  0  2  1
 5 17: 24  2  0  0  1  0  2  0  3  3  0  3  1  0  2  2  1  0  1  0  1  0  2 17
 6 22:  0  0  1  1  0  2  1 12  7  5  4  6  7  2  4  8  7  8  2  4  6  8  4 22
 7 21:  0  2  1  1  2  0 12  4  3  3  6  6  7  7  1  4  6  3  6  7  5  5  5 21
 8 18:  0  1  1  0  1  3  7  3  3  1  7 11  5 10  6  1  6  6  5  4  5  7  0 18
 9  8:  0  1  4  2  2  3  5  3  1  3 11  9  2  5  4  5  2  6  9  6  8  3  3  8
10 12:  0  2  0  1  1  0  4  6  7 11  1  7  5  3  3  5  6  9  3  7  5  5  8 12
11  2:  0  1  0  2  2  3  6  6 11  9  7  2  2  3  5  2  5  5  4  4  4  6  5  2
12 16:  0  0  2  4  1  1  7  7  5  2  5  2  0  9 10 10  8  6  4  5  4  6  2 16
13  6:  0  0  0  2  4  0  2  7 10  5  3  3  9  3  7  6  3  4  6  4  5  3  7  6
14 20:  0  1  2  0  1  2  4  1  6  4  3  5 10  7  3  5  8  1  8  8  6  6  6 20
15 10:  0  3  0  2  3  2  8  4  1  5  5  2 10  6  5  5  1  3  4  3  7  5  7 10
16  7:  0  2  2  2  1  1  7  6  6  2  6  5  8  3  8  1  1  8  3  9  9  7  2  7
17  4:  0  1  3  3  1  0  8  3  6  6  9  5  6  4  1  3  8  1  9  5  6  6  5  4
18 19:  0  2  2  1  0  1  2  6  5  9  3  4  4  6  8  4  3  9  4  7  5  4  7 19
19 14:  0  1  0  1  0  0  4  7  4  6  7  4  5  4  8  3  9  5  7  2  5  7  5 14
20 11:  0  0  1  1  1  1  6  5  5  8  5  4  4  5  6  7  9  6  5  5  4  3  5 11
21  3:  0  0  1  1  0  0  8  5  7  3  5  6  6  3  6  5  7  6  4  7  3  5  7  3
22 15:  0  5  3  0  2  2  4  5  0  3  8  5  2  7  6  7  2  5  7  5  5  7  5 15
